#theta     prob.  1    x-sec.  1     prob.  2    x-sec.  2     prob.  3    x-sec.  3
 17.00  9.99311e-01  3.89121e+02  6.88004e-04  2.68591e-01  8.84734e-07  3.44944e-04
 17.50  9.99172e-01  3.46776e+02  8.26509e-04  2.87589e-01  1.13986e-06  3.96108e-04
 18.00  9.99014e-01  3.10052e+02  9.84163e-04  3.06229e-01  1.45581e-06  4.52396e-04
 18.50  9.98836e-01  2.78076e+02  1.16240e-03  3.24444e-01  1.84413e-06  5.14057e-04
 19.00  9.98635e-01  2.50128e+02  1.36262e-03  3.42173e-01  2.31801e-06  5.81330e-04
 19.50  9.98411e-01  2.25614e+02  1.58621e-03  3.59363e-01  2.89251e-06  6.54459e-04
 20.00  9.98162e-01  2.04039e+02  1.83459e-03  3.75982e-01  3.58459e-06  7.33674e-04
 20.50  9.97886e-01  1.84988e+02  2.10916e-03  3.92003e-01  4.41346e-06  8.19208e-04
 21.00  9.97583e-01  1.68116e+02  2.41124e-03  4.07396e-01  5.40052e-06  9.11271e-04
 21.50  9.97251e-01  1.53129e+02  2.74218e-03  4.22149e-01  6.56976e-06  1.01008e-03
 22.00  9.96889e-01  1.39780e+02  3.10323e-03  4.36242e-01  7.94790e-06  1.11584e-03
 22.50  9.96495e-01  1.27857e+02  3.49572e-03  4.49678e-01  9.56456e-06  1.22876e-03
 23.00  9.96068e-01  1.17182e+02  3.92093e-03  4.62462e-01  1.14524e-05  1.34902e-03
 23.50  9.95606e-01  1.07600e+02  4.38000e-03  4.74587e-01  1.36475e-05  1.47683e-03
 24.00  9.95110e-01  9.89800e+01  4.87418e-03  4.86065e-01  1.61895e-05  1.61236e-03
 24.50  9.94576e-01  9.12077e+01  5.40470e-03  4.96914e-01  1.91215e-05  1.75577e-03
 25.00  9.94005e-01  8.41848e+01  5.97253e-03  5.07131e-01  2.24908e-05  1.90723e-03
 25.50  9.93395e-01  7.78261e+01  6.57880e-03  5.16733e-01  2.63490e-05  2.06690e-03
 26.00  9.92745e-01  7.20573e+01  7.22455e-03  5.25735e-01  3.07520e-05  2.23494e-03
 26.50  9.92053e-01  6.68138e+01  7.91088e-03  5.34161e-01  3.57604e-05  2.41149e-03
 27.00  9.91320e-01  6.20391e+01  8.63857e-03  5.42013e-01  4.14398e-05  2.59669e-03
 27.50  9.90543e-01  5.76836e+01  9.40876e-03  5.49322e-01  4.78609e-05  2.79069e-03
 28.00  9.89723e-01  5.37038e+01  1.02223e-02  5.56102e-01  5.50994e-05  2.99358e-03
 28.50  9.88857e-01  5.00614e+01  1.10800e-02  5.62374e-01  6.32372e-05  3.20549e-03
 29.00  9.87945e-01  4.67225e+01  1.19826e-02  5.68147e-01  7.23616e-05  3.42653e-03
 29.50  9.86987e-01  4.36573e+01  1.29309e-02  5.73443e-01  8.25668e-05  3.65681e-03
 30.00  9.85980e-01  4.08390e+01  1.39257e-02  5.78285e-01  9.39527e-05  3.89644e-03
 30.50  9.84926e-01  3.82443e+01  1.49677e-02  5.82686e-01  1.06626e-04  4.14550e-03
 31.00  9.83822e-01  3.58520e+01  1.60575e-02  5.86666e-01  1.20700e-04  4.40408e-03
 31.50  9.82668e-01  3.36435e+01  1.71957e-02  5.90244e-01  1.36295e-04  4.67225e-03
 32.00  9.81464e-01  3.16020e+01  1.83829e-02  5.93431e-01  1.53540e-04  4.95009e-03
 32.50  9.80208e-01  2.97125e+01  1.96196e-02  5.96250e-01  1.72569e-04  5.23766e-03
 33.00  9.78900e-01  2.79617e+01  2.09063e-02  5.98712e-01  1.93527e-04  5.53502e-03
 33.50  9.77540e-01  2.63374e+01  2.22433e-02  6.00834e-01  2.16565e-04  5.84223e-03
 34.00  9.76127e-01  2.48289e+01  2.36312e-02  6.02634e-01  2.41842e-04  6.15934e-03
 34.50  9.74660e-01  2.34263e+01  2.50701e-02  6.04119e-01  2.69526e-04  6.48639e-03
 35.00  9.73140e-01  2.21208e+01  2.65605e-02  6.05309e-01  2.99796e-04  6.82343e-03
 35.50  9.71565e-01  2.09044e+01  2.81026e-02  6.06219e-01  3.32836e-04  7.17049e-03
 36.00  9.69934e-01  1.97699e+01  2.96968e-02  6.06861e-01  3.68842e-04  7.52757e-03
 36.50  9.68249e-01  1.87108e+01  3.13430e-02  6.07244e-01  4.08016e-04  7.89469e-03
 37.00  9.66508e-01  1.77212e+01  3.30414e-02  6.07381e-01  4.50573e-04  8.27187e-03
 37.50  9.64711e-01  1.67955e+01  3.47921e-02  6.07285e-01  4.96739e-04  8.65915e-03
 38.00  9.62858e-01  1.59289e+01  3.65952e-02  6.06967e-01  5.46744e-04  9.05651e-03
 38.50  9.60948e-01  1.51170e+01  3.84507e-02  6.06438e-01  6.00834e-04  9.46394e-03
 39.00  9.58982e-01  1.43556e+01  4.03585e-02  6.05708e-01  6.59261e-04  9.88144e-03
 39.50  9.56959e-01  1.36410e+01  4.23185e-02  6.04784e-01  7.22289e-04  1.03090e-02
 40.00  9.54879e-01  1.29698e+01  4.43306e-02  6.03678e-01  7.90194e-04  1.07466e-02
 40.50  9.52742e-01  1.23389e+01  4.63947e-02  6.02400e-01  8.63261e-04  1.11942e-02
 41.00  9.50548e-01  1.17453e+01  4.85105e-02  6.00956e-01  9.41785e-04  1.16518e-02
 41.50  9.48296e-01  1.11865e+01  5.06777e-02  5.99356e-01  1.02607e-03  1.21194e-02
 42.00  9.45988e-01  1.06601e+01  5.28960e-02  5.97606e-01  1.11644e-03  1.25969e-02
 42.50  9.43622e-01  1.01638e+01  5.51652e-02  5.95715e-01  1.21322e-03  1.30843e-02
 43.00  9.41199e-01  9.69554e+00  5.74847e-02  5.93689e-01  1.31675e-03  1.35815e-02
 43.50  9.38718e-01  9.25349e+00  5.98543e-02  5.91536e-01  1.42738e-03  1.40884e-02
 44.00  9.36181e-01  8.83589e+00  6.22733e-02  5.89263e-01  1.54548e-03  1.46051e-02
 44.50  9.33587e-01  8.44115e+00  6.47414e-02  5.86874e-01  1.67141e-03  1.51315e-02
 45.00  9.30937e-01  8.06777e+00  6.72578e-02  5.84377e-01  1.80556e-03  1.56674e-02
 45.50  9.28230e-01  7.71439e+00  6.98221e-02  5.81776e-01  1.94832e-03  1.62129e-02
 46.00  9.25466e-01  7.37974e+00  7.24337e-02  5.79078e-01  2.10012e-03  1.67678e-02
 46.50  9.22647e-01  7.06263e+00  7.50917e-02  5.76287e-01  2.26135e-03  1.73321e-02
 47.00  9.19772e-01  6.76198e+00  7.77956e-02  5.73409e-01  2.43245e-03  1.79056e-02
 47.50  9.16842e-01  6.47677e+00  8.05445e-02  5.70448e-01  2.61386e-03  1.84884e-02
 48.00  9.13856e-01  6.20608e+00  8.33375e-02  5.67409e-01  2.80603e-03  1.90802e-02
 48.50  9.10816e-01  5.94901e+00  8.61741e-02  5.64296e-01  3.00942e-03  1.96811e-02
 49.00  9.07722e-01  5.70476e+00  8.90532e-02  5.61113e-01  3.22451e-03  2.02908e-02
 49.50  9.04574e-01  5.47258e+00  9.19739e-02  5.57864e-01  3.45177e-03  2.09094e-02
 50.00  9.01373e-01  5.25175e+00  9.49353e-02  5.54553e-01  3.69171e-03  2.15367e-02
 50.50  8.98119e-01  5.04162e+00  9.79363e-02  5.51184e-01  3.94481e-03  2.21725e-02
 51.00  8.94812e-01  4.84158e+00  1.00976e-01  5.47759e-01  4.21161e-03  2.28168e-02
 51.50  8.91454e-01  4.65105e+00  1.04053e-01  5.44282e-01  4.49261e-03  2.34694e-02
 52.00  8.88045e-01  4.46950e+00  1.07167e-01  5.40757e-01  4.78835e-03  2.41303e-02
 52.50  8.84584e-01  4.29643e+00  1.10316e-01  5.37187e-01  5.09938e-03  2.47992e-02
 53.00  8.81074e-01  4.13138e+00  1.13500e-01  5.33574e-01  5.42625e-03  2.54762e-02
 53.50  8.77514e-01  3.97389e+00  1.16717e-01  5.29921e-01  5.76950e-03  2.61609e-02
 54.00  8.73905e-01  3.82358e+00  1.19965e-01  5.26230e-01  6.12972e-03  2.68533e-02
 54.50  8.70249e-01  3.68004e+00  1.23244e-01  5.22504e-01  6.50747e-03  2.75533e-02
 55.00  8.66545e-01  3.54292e+00  1.26552e-01  5.18746e-01  6.90335e-03  2.82606e-02
 55.50  8.62794e-01  3.41188e+00  1.29888e-01  5.14959e-01  7.31794e-03  2.89752e-02
 56.00  8.58997e-01  3.28660e+00  1.33251e-01  5.11143e-01  7.75184e-03  2.96970e-02
 56.50  8.55155e-01  3.16679e+00  1.36639e-01  5.07302e-01  8.20566e-03  3.04256e-02
 57.00  8.51268e-01  3.05216e+00  1.40052e-01  5.03437e-01  8.68000e-03  3.11611e-02
 57.50  8.47338e-01  2.94245e+00  1.43486e-01  4.99550e-01  9.17548e-03  3.19031e-02
 58.00  8.43365e-01  2.83742e+00  1.46942e-01  4.95643e-01  9.69273e-03  3.26517e-02
 58.50  8.39351e-01  2.73682e+00  1.50417e-01  4.91718e-01  1.02324e-02  3.34065e-02
 59.00  8.35295e-01  2.64044e+00  1.53910e-01  4.87777e-01  1.07950e-02  3.41675e-02
 59.50  8.31198e-01  2.54807e+00  1.57420e-01  4.83821e-01  1.13814e-02  3.49344e-02
 60.00  8.27063e-01  2.45952e+00  1.60945e-01  4.79852e-01  1.19920e-02  3.57072e-02
 60.50  8.22888e-01  2.37460e+00  1.64484e-01  4.75871e-01  1.26276e-02  3.64855e-02
 61.00  8.18677e-01  2.29313e+00  1.68035e-01  4.71880e-01  1.32887e-02  3.72693e-02
 61.50  8.14428e-01  2.21496e+00  1.71596e-01  4.67881e-01  1.39761e-02  3.80583e-02
 62.00  8.10144e-01  2.13992e+00  1.75166e-01  4.63874e-01  1.46903e-02  3.88524e-02
 62.50  8.05825e-01  2.06787e+00  1.78743e-01  4.59861e-01  1.54321e-02  3.96514e-02
 63.00  8.01472e-01  1.99867e+00  1.82326e-01  4.55843e-01  1.62020e-02  4.04551e-02
 63.50  7.97087e-01  1.93218e+00  1.85912e-01  4.51822e-01  1.70008e-02  4.12633e-02
 64.00  7.92669e-01  1.86830e+00  1.89502e-01  4.47799e-01  1.78290e-02  4.20758e-02
 64.50  7.88221e-01  1.80688e+00  1.93092e-01  4.43774e-01  1.86873e-02  4.28924e-02
 65.00  7.83743e-01  1.74783e+00  1.96681e-01  4.39748e-01  1.95764e-02  4.37130e-02
 65.50  7.79236e-01  1.69104e+00  2.00267e-01  4.35724e-01  2.04968e-02  4.45373e-02
 66.00  7.74701e-01  1.63641e+00  2.03849e-01  4.31701e-01  2.14493e-02  4.53651e-02
 66.50  7.70140e-01  1.58384e+00  2.07426e-01  4.27681e-01  2.24344e-02  4.61963e-02
 67.00  7.65553e-01  1.53324e+00  2.10994e-01  4.23664e-01  2.34528e-02  4.70307e-02
 67.50  7.60941e-01  1.48452e+00  2.14554e-01  4.19652e-01  2.45051e-02  4.78680e-02
 68.00  7.56305e-01  1.43762e+00  2.18103e-01  4.15646e-01  2.55919e-02  4.87080e-02
 68.50  7.51647e-01  1.39243e+00  2.21639e-01  4.11646e-01  2.67139e-02  4.95506e-02
 69.00  7.46967e-01  1.34891e+00  2.25161e-01  4.07652e-01  2.78715e-02  5.03956e-02
 69.50  7.42267e-01  1.30696e+00  2.28668e-01  4.03667e-01  2.90654e-02  5.12426e-02
 70.00  7.37547e-01  1.26653e+00  2.32156e-01  3.99691e-01  3.02963e-02  5.20916e-02
 70.50  7.32809e-01  1.22756e+00  2.35626e-01  3.95723e-01  3.15646e-02  5.29424e-02
 71.00  7.28054e-01  1.18998e+00  2.39075e-01  3.91766e-01  3.28709e-02  5.37947e-02
 71.50  7.23282e-01  1.15374e+00  2.42502e-01  3.87820e-01  3.42157e-02  5.46483e-02
 72.00  7.18496e-01  1.11877e+00  2.45905e-01  3.83884e-01  3.55997e-02  5.55030e-02
 72.50  7.13695e-01  1.08504e+00  2.49282e-01  3.79961e-01  3.70233e-02  5.63586e-02
 73.00  7.08881e-01  1.05248e+00  2.52632e-01  3.76051e-01  3.84871e-02  5.72149e-02
 73.50  7.04055e-01  1.02106e+00  2.55953e-01  3.72153e-01  3.99915e-02  5.80718e-02
 74.00  6.99218e-01  9.90725e-01  2.59245e-01  3.68270e-01  4.15371e-02  5.89289e-02
 74.50  6.94372e-01  9.61433e-01  2.62504e-01  3.64401e-01  4.31243e-02  5.97861e-02
 75.00  6.89516e-01  9.33143e-01  2.65730e-01  3.60546e-01  4.47535e-02  6.06432e-02
 75.50  6.84653e-01  9.05817e-01  2.68922e-01  3.56708e-01  4.64252e-02  6.15000e-02
 76.00  6.79783e-01  8.79417e-01  2.72077e-01  3.52885e-01  4.81398e-02  6.23563e-02
 76.50  6.74907e-01  8.53906e-01  2.75195e-01  3.49078e-01  4.98978e-02  6.32119e-02
 77.00  6.70027e-01  8.29252e-01  2.78274e-01  3.45289e-01  5.16994e-02  6.40666e-02
 77.50  6.65143e-01  8.05420e-01  2.81312e-01  3.41516e-01  5.35452e-02  6.49201e-02
 78.00  6.60256e-01  7.82380e-01  2.84308e-01  3.37762e-01  5.54353e-02  6.57724e-02
 78.50  6.55368e-01  7.60102e-01  2.87262e-01  3.34026e-01  5.73702e-02  6.66231e-02
 79.00  6.50479e-01  7.38556e-01  2.90171e-01  3.30309e-01  5.93502e-02  6.74721e-02
 79.50  6.45591e-01  7.17717e-01  2.93034e-01  3.26610e-01  6.13755e-02  6.83192e-02
 80.00  6.40703e-01  6.97556e-01  2.95850e-01  3.22932e-01  6.34465e-02  6.91643e-02
 80.50  6.35818e-01  6.78050e-01  2.98618e-01  3.19273e-01  6.55633e-02  7.00070e-02
 81.00  6.30937e-01  6.59174e-01  3.01337e-01  3.15634e-01  6.77262e-02  7.08473e-02
 81.50  6.26059e-01  6.40906e-01  3.04006e-01  3.12016e-01  6.99354e-02  7.16849e-02
 82.00  6.21187e-01  6.23222e-01  3.06622e-01  3.08419e-01  7.21910e-02  7.25196e-02
#theta     prob.  1    x-sec.  1     prob.  2    x-sec.  2     prob.  3    x-sec.  3
# tot:  3.43162e-01  9.89191e+01  5.81338e-02  2.44507e+00  7.26730e-03  1.66630e-01


